[Part A] Combined parameters:
  Q = 1.339279e-09 C  ± 3.34e-11
  Csys = 3.236147e-11 F  ± 1.41e-12
